[136.67, 2.44, 2.31]
[146.0, 2.42, 4.59]
[153.67, 2.4, 6.84]
[158.33, 2.39, 9.14]
[164.0, 2.38, 11.41]
[168.0, 2.37, 13.65]
[167.0, 2.37, 15.92]
[166.67, 2.37, 18.28]
[170.33, 2.37, 20.33]
[170.33, 2.37, 22.41]
[170.33, 2.37, 24.45]
[170.33, 2.37, 26.49]
[170.33, 2.37, 28.56]
[170.33, 2.37, 30.59]
[170.33, 2.37, 32.67]
[170.33, 2.37, 34.74]
[170.33, 2.37, 36.76]
[170.33, 2.37, 38.83]
[170.33, 2.37, 40.87]
[170.33, 2.37, 42.89]
[170.33, 2.37, 44.99]
[170.33, 2.37, 47.01]
[170.33, 2.37, 49.05]
[170.33, 2.37, 51.12]
[170.33, 2.37, 53.15]
[170.33, 2.37, 55.18]
[170.33, 2.37, 57.25]
[170.33, 2.37, 59.3]
[170.33, 2.37, 61.32]
[170.33, 2.37, 63.42]
[167.67, 2.37, 65.46]
[166.67, 2.37, 67.52]
[167.67, 2.37, 69.56]
[166.0, 2.37, 71.59]
[162.33, 2.38, 73.61]
[158.33, 2.39, 75.68]
[151.67, 2.4, 77.71]
[146.0, 2.42, 79.76]
[138.67, 2.43, 81.91]
[130.33, 2.45, 83.94]
[125.67, 2.46, 85.99]
[123.0, 2.46, 88.02]
[123.0, 2.46, 90.04]
[122.67, 2.46, 92.07]
[119.0, 2.47, 94.1]
[114.0, 2.48, 96.12]
[108.0, 2.5, 98.17]
[105.0, 2.5, 100.28]
[82.67, 2.55, 102.3]
[82.67, 2.55, 104.37]
[105.0, 2.5, 106.4]
[108.0, 2.5, 108.43]
[114.0, 2.48, 110.45]
[120.0, 2.47, 112.49]
[122.67, 2.46, 114.51]
[123.0, 2.46, 116.53]
[123.0, 2.46, 118.57]
[125.67, 2.46, 120.59]
[130.33, 2.45, 122.6]
[136.67, 2.44, 124.69]
[146.0, 2.42, 126.74]
[151.67, 2.4, 128.77]
[156.67, 2.39, 130.85]
[162.33, 2.38, 132.88]
[166.0, 2.37, 134.91]
[167.67, 2.37, 136.99]
[166.67, 2.37, 139.04]
[167.67, 2.37, 141.06]
[170.33, 2.37, 143.07]
[170.33, 2.37, 145.1]
[170.33, 2.37, 147.16]
[170.33, 2.37, 149.23]
[170.33, 2.37, 151.29]
[170.33, 2.37, 153.31]
[170.33, 2.37, 155.36]
[170.33, 2.37, 157.38]
[170.33, 2.37, 159.4]
[170.33, 2.37, 161.47]
[170.33, 2.37, 163.51]
[170.33, 2.37, 165.53]
[170.33, 2.37, 167.57]
[170.33, 2.37, 169.61]
[170.33, 2.37, 171.65]
[170.33, 2.37, 173.72]
[170.33, 2.37, 175.76]
[170.33, 2.37, 177.8]
[170.33, 2.37, 179.85]
[170.33, 2.37, 181.88]
[170.33, 2.37, 183.9]
[170.33, 2.37, 185.96]
[167.67, 2.37, 188.01]
[166.67, 2.37, 190.03]
[168.0, 2.37, 192.08]
[166.0, 2.37, 194.11]
[162.33, 2.38, 196.16]
[156.67, 2.39, 198.22]
[151.67, 2.4, 200.26]
[146.0, 2.42, 202.37]
[136.67, 2.44, 204.43]
[130.33, 2.45, 206.46]
[125.67, 2.46, 208.5]
[123.0, 2.46, 210.55]
[123.0, 2.46, 212.6]
[122.67, 2.46, 214.62]
[119.0, 2.47, 216.67]
[114.0, 2.48, 218.7]
[108.0, 2.5, 220.73]
[100.33, 2.51, 222.79]
[82.67, 2.55, 224.81]
[82.67, 2.55, 226.84]
[105.0, 2.5, 228.91]
[108.0, 2.5, 230.93]
[114.0, 2.48, 232.97]
[120.0, 2.47, 235.04]
[122.67, 2.46, 237.05]
[123.0, 2.46, 239.08]
[122.67, 2.46, 241.12]
[125.67, 2.46, 243.16]
[130.33, 2.45, 245.19]
[138.67, 2.43, 247.26]
[146.0, 2.42, 249.3]
[151.67, 2.4, 251.34]
[158.33, 2.39, 253.39]
[162.33, 2.38, 255.42]
[166.0, 2.37, 257.46]
[167.67, 2.37, 259.51]
[166.67, 2.37, 261.57]
[169.0, 2.37, 263.6]
[170.33, 2.37, 265.67]
[170.33, 2.37, 267.7]
[170.33, 2.37, 269.71]
[170.33, 2.37, 271.79]
[170.33, 2.37, 273.83]
[170.33, 2.37, 275.86]
[170.33, 2.37, 277.91]
[170.33, 2.37, 279.95]
[170.33, 2.37, 281.96]
[170.33, 2.37, 284.01]
[170.33, 2.37, 286.03]
[170.33, 2.37, 288.06]
[170.33, 2.37, 290.13]
[170.33, 2.37, 292.18]
[170.33, 2.37, 294.2]
[170.33, 2.37, 296.26]
[170.33, 2.37, 298.3]
[170.33, 2.37, 300.32]
[170.33, 2.37, 302.39]
[170.33, 2.37, 304.41]
[170.33, 2.37, 306.42]
[170.33, 2.37, 308.47]
[167.67, 2.37, 310.49]
[166.67, 2.37, 312.52]
[168.0, 2.37, 314.58]
[166.0, 2.37, 316.6]
[162.33, 2.38, 318.62]
[156.67, 2.39, 320.67]
[151.67, 2.4, 322.73]
[146.0, 2.42, 324.75]
[136.67, 2.44, 326.82]
[130.33, 2.45, 328.84]
[125.67, 2.46, 330.88]
[122.67, 2.46, 332.95]
[123.0, 2.46, 334.98]
[122.67, 2.46, 337.0]
[120.0, 2.47, 339.08]
[114.0, 2.48, 341.1]
[108.0, 2.5, 343.11]
[105.0, 2.5, 345.17]
[82.67, 2.55, 347.19]
[82.67, 2.55, 349.23]
[100.33, 2.51, 351.3]
[108.0, 2.5, 353.32]
[114.0, 2.48, 355.35]
[119.0, 2.47, 357.41]
[122.67, 2.46, 359.46]
[123.0, 2.46, 361.52]
[123.0, 2.46, 363.6]
[125.67, 2.46, 365.65]
[130.33, 2.45, 367.67]
[136.67, 2.44, 369.72]
[146.0, 2.42, 371.74]
[151.67, 2.4, 373.76]
[156.67, 2.39, 375.79]
[161.0, 2.38, 377.82]
[166.0, 2.37, 379.85]
[168.0, 2.37, 381.89]
[166.67, 2.37, 383.91]
[167.67, 2.37, 385.94]
[170.33, 2.37, 388.04]
[170.33, 2.37, 390.07]
[170.33, 2.37, 392.11]
[170.33, 2.37, 394.17]
[170.33, 2.37, 396.21]
[170.33, 2.37, 398.24]
[170.33, 2.37, 400.3]
[170.33, 2.37, 402.34]
[170.33, 2.37, 404.38]
[170.33, 2.37, 406.44]
[170.33, 2.37, 408.47]
[170.33, 2.37, 410.5]
[170.33, 2.37, 412.56]
[170.33, 2.37, 414.58]
[170.33, 2.37, 416.61]
[170.33, 2.37, 418.67]
[170.33, 2.37, 420.7]
[170.33, 2.37, 422.72]
[170.33, 2.37, 424.8]
[170.33, 2.37, 426.83]
[170.33, 2.37, 428.84]
[170.33, 2.37, 430.9]
[169.0, 2.37, 432.93]
[166.33, 2.37, 434.96]
[167.67, 2.37, 437.05]
[167.0, 2.37, 439.08]
[164.0, 2.38, 441.11]
[158.33, 2.39, 443.16]
[153.67, 2.4, 445.17]
[148.0, 2.41, 447.2]
[141.0, 2.43, 449.3]
[132.0, 2.45, 451.33]
[126.67, 2.46, 453.37]
[123.0, 2.46, 455.44]
[123.33, 2.46, 457.48]
[122.67, 2.46, 459.49]
[121.0, 2.47, 461.57]
[116.0, 2.48, 463.59]
[110.0, 2.49, 465.6]
[108.0, 2.5, 467.68]
[89.0, 2.53, 469.73]
[76.33, 2.56, 471.74]
[95.0, 2.52, 473.81]
[109.0, 2.49, 475.83]
[112.0, 2.49, 477.84]
[118.0, 2.47, 479.91]
[121.0, 2.47, 481.97]
[123.0, 2.46, 483.99]
[123.0, 2.46, 486.06]
[123.0, 2.46, 488.12]
[128.67, 2.45, 490.14]
[134.0, 2.44, 492.2]
[141.0, 2.43, 494.26]
[149.67, 2.41, 496.27]
[155.33, 2.4, 498.32]
[159.67, 2.39, 500.34]
[165.33, 2.38, 502.36]
[168.0, 2.37, 504.42]
[167.0, 2.37, 506.46]
[166.67, 2.37, 508.48]
[170.33, 2.37, 510.56]
[170.33, 2.37, 512.58]
[170.33, 2.37, 514.61]
[170.33, 2.37, 516.69]
[170.33, 2.37, 518.74]
[170.33, 2.37, 520.77]
[170.33, 2.37, 522.85]
[170.33, 2.37, 524.88]
[170.33, 2.37, 526.92]
[170.33, 2.37, 528.99]
[170.33, 2.37, 531.03]
[170.33, 2.37, 533.08]
[170.33, 2.37, 535.16]
[170.33, 2.37, 537.19]
[170.33, 2.37, 539.24]
[170.33, 2.37, 541.29]
[170.33, 2.37, 543.32]
[170.33, 2.37, 545.35]
[170.33, 2.37, 547.42]
[170.33, 2.37, 549.44]
[170.33, 2.37, 551.46]
[170.33, 2.37, 553.54]
[170.33, 2.37, 555.56]
[166.67, 2.37, 557.57]
[167.0, 2.37, 559.66]
[168.0, 2.37, 561.73]
[165.33, 2.38, 563.75]
[159.67, 2.39, 565.84]
[155.33, 2.4, 567.86]
[149.67, 2.41, 569.88]
[141.0, 2.43, 571.96]
[134.0, 2.44, 573.98]
[128.67, 2.45, 576.0]
[123.0, 2.46, 578.09]
[123.0, 2.46, 580.13]
[123.0, 2.46, 582.17]
[121.0, 2.47, 584.25]
[118.0, 2.47, 586.28]
[112.0, 2.49, 588.3]
[109.0, 2.49, 590.38]
[95.0, 2.52, 592.41]
[76.33, 2.56, 594.43]
[89.0, 2.53, 596.5]
[108.0, 2.5, 598.51]
[110.0, 2.49, 600.52]
[116.0, 2.48, 602.6]
[121.0, 2.47, 604.62]
[122.67, 2.46, 606.62]
[123.33, 2.46, 608.7]
[123.0, 2.46, 610.72]
[126.67, 2.46, 612.75]
[132.0, 2.45, 614.84]
[141.0, 2.43, 616.87]
[148.0, 2.41, 618.88]
[153.67, 2.4, 620.95]
[158.33, 2.39, 622.99]
[164.0, 2.38, 625.01]
[167.0, 2.37, 627.15]
[167.0, 2.37, 629.18]
[166.33, 2.37, 631.22]
[169.0, 2.37, 633.28]
[170.33, 2.37, 635.35]
[170.33, 2.37, 637.36]
[170.33, 2.37, 639.44]
[170.33, 2.37, 641.49]
[170.33, 2.37, 643.5]
[170.33, 2.37, 645.58]
[170.33, 2.37, 647.62]
[170.33, 2.37, 649.65]
[170.33, 2.37, 651.71]
[170.33, 2.37, 653.88]
[170.33, 2.37, 655.93]
[170.33, 2.37, 658.0]
[170.33, 2.37, 660.06]
[170.33, 2.37, 662.1]
[170.33, 2.37, 664.13]
[170.33, 2.37, 666.15]
[170.33, 2.37, 668.18]
[170.33, 2.37, 670.23]
[170.33, 2.37, 672.26]
[170.33, 2.37, 674.28]
[170.33, 2.37, 676.33]
[170.33, 2.37, 678.36]
[166.67, 2.37, 680.39]
[166.67, 2.37, 682.5]
[168.0, 2.37, 684.5]
[165.33, 2.38, 686.51]
[161.0, 2.38, 688.58]
[156.67, 2.39, 690.61]
[149.67, 2.41, 692.62]
[143.33, 2.42, 694.67]
[136.67, 2.44, 696.73]
[128.67, 2.45, 698.77]
[124.33, 2.46, 700.84]
[123.0, 2.46, 702.87]
[123.0, 2.46, 704.9]
[122.0, 2.47, 706.96]
[119.0, 2.47, 709.0]
[112.0, 2.49, 711.04]
[109.0, 2.49, 713.11]
[100.33, 2.51, 715.14]
[82.67, 2.55, 717.18]
[89.0, 2.53, 719.23]
[105.0, 2.5, 721.27]
[108.0, 2.5, 723.29]
[116.0, 2.48, 725.35]
[120.0, 2.47, 727.38]
[122.67, 2.46, 729.39]
[123.33, 2.46, 731.46]
[122.67, 2.46, 733.5]
[125.67, 2.46, 735.52]
[132.0, 2.45, 737.6]
[138.67, 2.43, 739.64]
[146.0, 2.42, 741.7]
[153.67, 2.4, 743.79]
[158.33, 2.39, 745.82]
[162.33, 2.38, 747.86]
[167.0, 2.37, 749.94]
[167.67, 2.37, 751.98]
[166.67, 2.37, 754.04]
[169.0, 2.37, 756.09]
[170.33, 2.37, 758.14]
[170.33, 2.37, 760.23]
[170.33, 2.37, 762.28]
[170.33, 2.37, 764.32]
[170.33, 2.37, 766.4]
[170.33, 2.37, 768.47]
[170.33, 2.37, 770.51]
[170.33, 2.37, 772.56]
[170.33, 2.37, 774.61]
[170.33, 2.37, 776.62]
[170.33, 2.37, 778.67]
[170.33, 2.37, 780.75]
[170.33, 2.37, 782.82]
[170.33, 2.37, 784.87]
[170.33, 2.37, 786.93]
[170.33, 2.37, 788.95]
[170.33, 2.37, 791.0]
[170.33, 2.37, 793.04]
[170.33, 2.37, 795.09]
[170.33, 2.37, 797.16]
[170.33, 2.37, 799.22]
[170.33, 2.37, 801.25]
[167.67, 2.37, 803.28]
[166.67, 2.37, 805.35]
[168.0, 2.37, 807.37]
[166.0, 2.37, 809.39]
[162.33, 2.38, 811.45]
[156.67, 2.39, 813.49]
[151.67, 2.4, 815.53]
[146.0, 2.42, 817.6]
[136.67, 2.44, 819.62]
[130.33, 2.45, 821.65]
[125.67, 2.46, 823.73]
[123.0, 2.46, 825.77]
[123.0, 2.46, 827.78]
[122.67, 2.46, 829.85]
[119.0, 2.47, 831.87]
[114.0, 2.48, 833.89]
[108.0, 2.5, 835.95]
[100.33, 2.51, 837.99]
[82.67, 2.55, 840.01]
[82.67, 2.55, 842.06]
[105.0, 2.5, 844.1]
[108.0, 2.5, 846.13]
[114.0, 2.48, 848.17]
[119.0, 2.47, 850.23]
[122.67, 2.46, 852.25]
[123.0, 2.46, 854.28]
[123.0, 2.46, 856.31]
[125.67, 2.46, 858.32]
[130.33, 2.45, 860.35]
[136.67, 2.44, 862.41]
[146.0, 2.42, 864.44]
[151.67, 2.4, 866.49]
[156.67, 2.39, 868.52]
[162.33, 2.38, 870.57]
[166.0, 2.37, 872.63]
[168.0, 2.37, 874.65]
[166.67, 2.37, 876.68]
[167.67, 2.37, 878.73]
[170.33, 2.37, 880.78]
[170.33, 2.37, 882.82]
[170.33, 2.37, 884.89]
[170.33, 2.37, 886.92]
[170.33, 2.37, 888.95]
[170.33, 2.37, 891.03]
[170.33, 2.37, 893.07]
[170.33, 2.37, 895.08]
[170.33, 2.37, 897.13]
[170.33, 2.37, 899.15]
[170.33, 2.37, 901.16]
[170.33, 2.37, 903.24]
[170.33, 2.37, 905.35]
[170.33, 2.37, 907.38]
[170.33, 2.37, 909.42]
[170.33, 2.37, 911.43]
[170.33, 2.37, 913.44]
[170.33, 2.37, 915.62]
[170.33, 2.37, 917.82]
[170.33, 2.37, 919.99]
[170.33, 2.37, 922.19]
[170.33, 2.37, 924.36]
[167.67, 2.37, 926.54]
[166.67, 2.37, 928.73]
[168.0, 2.37, 930.92]
[165.33, 2.38, 933.13]
[161.0, 2.38, 935.32]
[155.33, 2.4, 937.48]
[149.67, 2.41, 939.68]
[141.0, 2.43, 941.87]
[132.0, 2.45, 944.06]
[126.67, 2.46, 946.23]
[122.67, 2.46, 948.39]
[123.33, 2.46, 950.56]
[122.67, 2.46, 952.73]
[120.0, 2.47, 954.93]
[114.0, 2.48, 957.11]
[108.0, 2.5, 959.28]
[100.33, 2.51, 961.46]
[82.67, 2.55, 963.65]
[89.0, 2.53, 965.83]
[105.0, 2.5, 968.0]
[110.0, 2.49, 970.22]
[118.0, 2.47, 972.4]
[121.0, 2.47, 974.56]
[123.0, 2.46, 976.79]
[123.0, 2.46, 978.98]
[124.33, 2.46, 981.14]
[128.67, 2.45, 983.33]
[136.67, 2.44, 985.49]
[143.33, 2.42, 987.68]
[151.67, 2.4, 989.86]
[156.67, 2.39, 992.04]
[162.33, 2.38, 994.25]
[167.0, 2.37, 996.44]
[167.67, 2.37, 998.61]
[166.33, 2.37, 1000.81]
[169.0, 2.37, 1002.98]
[170.33, 2.37, 1005.14]
[170.33, 2.37, 1007.33]
[170.33, 2.37, 1009.5]
[170.33, 2.37, 1011.69]
[170.33, 2.37, 1013.85]
[170.33, 2.37, 1016.02]
[170.33, 2.37, 1018.21]
[170.33, 2.37, 1020.41]
[170.33, 2.37, 1022.57]
[170.33, 2.37, 1024.8]
[170.33, 2.37, 1026.97]
[170.33, 2.37, 1029.14]
[170.33, 2.37, 1031.36]
[170.33, 2.37, 1033.55]
[170.33, 2.37, 1035.72]
[170.33, 2.37, 1037.92]
[170.33, 2.37, 1040.11]
[170.33, 2.37, 1042.35]
[170.33, 2.37, 1044.53]
[170.33, 2.37, 1046.67]
[169.0, 2.37, 1048.84]
[166.33, 2.37, 1051.02]
[167.67, 2.37, 1053.18]
[167.0, 2.37, 1055.4]
[162.33, 2.38, 1057.57]
[158.33, 2.39, 1059.74]
[151.67, 2.4, 1061.9]
[146.0, 2.42, 1064.07]
[136.67, 2.44, 1066.23]
[130.33, 2.45, 1068.43]
[124.33, 2.46, 1070.59]
[123.0, 2.46, 1072.77]
[123.0, 2.46, 1074.95]
[121.0, 2.47, 1077.11]
[118.0, 2.47, 1079.29]
[110.0, 2.49, 1081.46]
[108.0, 2.5, 1083.64]
[89.0, 2.53, 1085.83]
[76.33, 2.56, 1088.0]
[100.33, 2.51, 1090.16]
[109.0, 2.49, 1092.34]
[114.0, 2.48, 1094.52]
[119.0, 2.47, 1096.68]
[122.67, 2.46, 1098.85]
[123.0, 2.46, 1101.02]
[122.67, 2.46, 1103.19]
[125.67, 2.46, 1105.39]
[132.0, 2.45, 1107.57]
[141.0, 2.43, 1109.77]
[148.0, 2.41, 1111.95]
[155.33, 2.4, 1114.09]
[159.67, 2.39, 1116.33]
[165.33, 2.38, 1118.5]
[168.0, 2.37, 1120.68]
[166.67, 2.37, 1122.9]
[166.67, 2.37, 1125.08]
[170.33, 2.37, 1127.24]
[170.33, 2.37, 1129.43]
[170.33, 2.37, 1131.58]
[170.33, 2.37, 1133.76]
[170.33, 2.37, 1135.93]
[170.33, 2.37, 1138.08]
[170.33, 2.37, 1140.55]
[170.33, 2.37, 1142.92]
[170.33, 2.37, 1145.09]
[170.33, 2.37, 1147.29]
[170.33, 2.37, 1149.48]
[170.33, 2.37, 1151.66]
[170.33, 2.37, 1153.87]
[170.33, 2.37, 1156.04]
[170.33, 2.37, 1158.25]
[170.33, 2.37, 1160.47]
[170.33, 2.37, 1162.69]
[170.33, 2.37, 1164.89]
[170.33, 2.37, 1167.1]
[170.33, 2.37, 1169.28]
[170.33, 2.37, 1171.53]
[166.67, 2.37, 1173.7]
[167.0, 2.37, 1175.86]
[168.0, 2.37, 1178.05]
[164.0, 2.38, 1180.22]
[158.33, 2.39, 1182.42]
[153.67, 2.4, 1184.62]
[146.0, 2.42, 1186.8]
[138.67, 2.43, 1189.0]
[130.33, 2.45, 1191.24]
[125.67, 2.46, 1193.42]
[123.0, 2.46, 1195.61]
[123.0, 2.46, 1197.8]
[122.0, 2.47, 1199.96]
[118.0, 2.47, 1202.17]
[112.0, 2.49, 1204.36]
[108.0, 2.5, 1206.53]
[95.0, 2.52, 1208.72]
[76.33, 2.56, 1210.9]
[95.0, 2.52, 1213.08]
[109.0, 2.49, 1215.27]
[112.0, 2.49, 1217.44]
[119.0, 2.47, 1219.65]
[122.67, 2.46, 1221.84]
[123.0, 2.46, 1224.01]
[122.67, 2.46, 1226.19]
[125.67, 2.46, 1228.37]
[132.0, 2.45, 1230.54]
[138.67, 2.43, 1232.77]
[148.0, 2.41, 1234.94]
[153.67, 2.4, 1237.11]
[159.67, 2.39, 1239.29]
[164.0, 2.38, 1241.47]
[168.0, 2.37, 1243.65]
[167.0, 2.37, 1245.83]
[166.67, 2.37, 1247.99]
[170.33, 2.37, 1250.19]
[170.33, 2.37, 1252.36]
[170.33, 2.37, 1254.54]
[170.33, 2.37, 1256.75]
[170.33, 2.37, 1258.92]
[170.33, 2.37, 1261.1]
[170.33, 2.37, 1263.28]
[170.33, 2.37, 1265.46]
[170.33, 2.37, 1267.65]
[170.33, 2.37, 1269.84]
[170.33, 2.37, 1272.02]
[170.33, 2.37, 1274.21]
[170.33, 2.37, 1276.41]
[170.33, 2.37, 1278.59]
[170.33, 2.37, 1280.78]
[170.33, 2.37, 1283.02]
[170.33, 2.37, 1285.19]
[170.33, 2.37, 1287.42]
[170.33, 2.37, 1289.6]
[170.33, 2.37, 1291.77]
[170.33, 2.37, 1293.97]
[167.67, 2.37, 1296.14]
[166.67, 2.37, 1298.31]
[168.0, 2.37, 1300.49]
[165.33, 2.38, 1302.66]
[161.0, 2.38, 1304.84]
[155.33, 2.4, 1307.02]
[149.67, 2.41, 1309.19]
[141.0, 2.43, 1311.41]
[132.0, 2.45, 1313.59]
[126.67, 2.46, 1315.77]
[122.67, 2.46, 1317.99]
[123.33, 2.46, 1320.16]
[122.67, 2.46, 1322.35]
[120.0, 2.47, 1324.53]
[114.0, 2.48, 1326.7]
[108.0, 2.5, 1328.87]
[100.33, 2.51, 1331.09]
[76.33, 2.56, 1333.28]
[89.0, 2.53, 1335.46]
[108.0, 2.5, 1337.64]
[110.0, 2.49, 1339.82]
[118.0, 2.47, 1342.06]
[121.0, 2.47, 1344.25]
[123.0, 2.46, 1346.45]
[123.0, 2.46, 1348.64]
[124.33, 2.46, 1350.8]
[130.33, 2.45, 1352.97]
[136.67, 2.44, 1355.15]
[146.0, 2.42, 1357.32]
[151.67, 2.4, 1359.51]
[158.33, 2.39, 1361.71]
[162.33, 2.38, 1363.88]
[167.0, 2.37, 1366.06]
[167.67, 2.37, 1368.23]
[166.33, 2.37, 1370.43]
[169.0, 2.37, 1372.66]
[170.33, 2.37, 1374.84]
[170.33, 2.37, 1376.99]
[170.33, 2.37, 1379.2]
[170.33, 2.37, 1381.39]
[170.33, 2.37, 1383.55]
[170.33, 2.37, 1385.71]
[170.33, 2.37, 1387.88]
